[[ 0.23518359  0.02        0.11627053]
 [ 0.20766668  0.02       -0.12324377]
 [-0.25117777  0.02        0.00195556]][[ 0.23518359  0.02        0.11627053]
 [ 0.20766668  0.02       -0.12324377]
 [-0.25117777  0.02        0.00195556]][[ 0.23518359  0.02        0.11627053]
 [ 0.20766668  0.02       -0.12324377]
 [-0.25117777  0.02        0.00195556]][[ 0.23518359  0.02        0.11627053]
 [ 0.20766668  0.02       -0.12324377]
 [-0.25117777  0.02        0.00195556]][[ 0.23518359  0.02        0.11627053]
 [ 0.20766668  0.02       -0.12324377]
 [-0.25117777  0.02        0.00195556]][[ 0.23518359  0.02        0.11627053]
 [ 0.20766668  0.02       -0.12324377]
 [-0.25117777  0.02        0.00195556]][[ 0.23518359  0.02        0.11627053]
 [ 0.20766668  0.02       -0.12324377]
 [-0.25117777  0.02        0.00195556]][[ 0.23518359  0.02        0.11627053]
 [ 0.20766668  0.02       -0.12324377]
 [-0.25117777  0.02        0.00195556]][[ 0.23518359  0.02        0.11627053]
 [ 0.20766668  0.02       -0.12324377]
 [-0.25117777  0.02        0.00195556]]